#r(1)	npart(2)	M_in_r(3)	ovdens(4)	dens(5)	vcirc(6)	vesc(7)	sigv(8)	Lx(9)	Ly(10)	Lz(11)	b(12)	c(13)	Eax(14)	Eay(15)	Eaz(16)	Ebx(17)	Eby(18)	Ebz(19)	Ecx(20)	Ecy(21)	Ecz(22)	Ekin(23)	Epot(24)	M_gas(25)	M_star(26)	U_gas(27)	
 -2.8827	         5	4.063084e+09	   145892.29	   145892.29	   77.86	975.563277	  133.38	   -7.05e+08	   8.962e+06	    1.54e+08	  0.000000	  0.000000	  0.000000	  0.000000	  0.000000	  0.000000	  0.000000	  0.000000	  0.000000	  0.000000	  0.000000	3.614198e+13	-9.702634e+14	0.000000e+00	0.000000e+00	0.000000e+00
 -3.6520	         7	5.688318e+09	   100451.48	    56475.60	   81.85	974.671632	  179.12	  -6.568e+08	   2.707e+08	  -8.684e+07	  0.000000	  0.000000	  0.000000	  0.000000	  0.000000	  0.000000	  0.000000	  0.000000	  0.000000	  0.000000	  0.000000	9.125676e+13	-1.356511e+15	0.000000e+00	0.000000e+00	0.000000e+00
 -4.6266	        14	1.137664e+10	    98805.77	    97213.11	  102.84	973.019866	  263.43	   -2.19e+09	   4.681e+08	   9.917e+08	  0.868893	  0.600033	  0.921569	  0.159321	 -0.354015	  0.302286	  0.277679	  0.911876	 -0.243583	  0.947371	 -0.207740	3.947578e+14	-2.705037e+15	0.000000e+00	0.000000e+00	0.000000e+00
 -5.8614	        27	2.194065e+10	    93716.05	    88790.42	  126.88	969.585079	  247.67	  -5.466e+09	   2.203e+07	   3.136e+08	  0.919432	  0.739999	  0.595504	  0.534951	  0.599336	 -0.449725	 -0.396197	  0.800484	 -0.665675	  0.746228	 -0.004644	6.729416e+14	-5.196906e+15	0.000000e+00	0.000000e+00	0.000000e+00
 -7.4257	        54	4.388131e+10	    92180.69	    90694.82	  159.42	964.266892	  285.05	  -9.757e+09	   1.937e+09	   6.034e+09	  0.907775	  0.839730	  0.798167	  0.416518	  0.435249	 -0.058432	 -0.665550	  0.744062	 -0.599595	  0.619318	  0.506883	1.782768e+15	-1.032660e+16	0.000000e+00	0.000000e+00	0.000000e+00
 -9.4074	        95	7.719860e+10	    79756.44	    67732.72	  187.86	957.200127	  315.06	  -1.832e+10	   6.907e+09	   9.404e+09	  0.867232	  0.802772	  0.822832	  0.138041	  0.551263	  0.061047	  0.942965	 -0.327247	 -0.564996	  0.302922	  0.767475	3.831412e+15	-1.802062e+16	0.000000e+00	0.000000e+00	0.000000e+00
-11.9180	       170	1.381449e+11	    70191.90	    60935.71	  223.27	946.560907	  331.07	  -7.986e+09	  -1.444e+10	   2.362e+10	  0.923680	  0.852725	  0.597529	  0.552938	  0.580705	 -0.267430	 -0.545319	  0.794423	  0.755936	 -0.629989	 -0.177972	7.570750e+15	-3.182194e+16	0.000000e+00	0.000000e+00	0.000000e+00
-15.0987	       277	2.250949e+11	    56248.87	    42755.34	  253.21	932.348230	  348.36	  -3.466e+10	  -1.762e+10	   3.756e+10	  0.932158	  0.878828	  0.553304	  0.706886	  0.440644	 -0.605467	 -0.022004	  0.795566	  0.572070	 -0.706985	  0.415822	1.365799e+16	-5.100550e+16	0.000000e+00	0.000000e+00	0.000000e+00
-19.1282	       410	3.331729e+11	    40946.23	    26136.91	  273.69	914.600212	  367.54	  -6.217e+10	  -2.408e+10	  -5.532e+09	  0.834038	  0.826449	  0.443495	  0.795842	  0.412248	  0.356877	 -0.578723	  0.733293	  0.822162	 -0.178090	 -0.540679	2.250301e+16	-7.401986e+16	0.000000e+00	0.000000e+00	0.000000e+00
 24.2330	       595	4.835070e+11	    29224.22	    17880.11	  292.93	893.350785	  383.74	  -3.261e+10	  -3.911e+10	   1.513e+10	  0.817401	  0.771682	  0.432252	  0.717129	  0.546703	  0.771379	 -0.608059	  0.187720	 -0.467047	 -0.340573	  0.816013	3.559983e+16	-1.047502e+17	0.000000e+00	0.000000e+00	0.000000e+00
 30.7003	       846	6.874738e+11	    20435.83	    11930.76	  310.33	868.966718	  396.49	   2.807e+10	   -1.77e+10	   1.193e+10	  0.777952	  0.742095	  0.537189	  0.669829	  0.512599	  0.759883	 -0.648092	  0.050546	 -0.366068	 -0.362363	  0.857139	5.403583e+16	-1.443363e+17	0.000000e+00	0.000000e+00	0.000000e+00
 38.8935	      1160	9.426355e+11	    13780.85	     7340.41	  322.85	841.459493	  404.66	   -3.76e+07	   5.116e+10	  -3.596e+10	  0.748970	  0.703300	  0.491142	  0.678364	  0.546444	  0.757306	 -0.642503	  0.116950	 -0.430427	 -0.356386	  0.829290	7.717778e+16	-1.909379e+17	0.000000e+00	0.000000e+00	0.000000e+00
 49.2733	      1564	1.270933e+12	     9137.99	     4644.81	  333.06	810.686355	  406.11	  -2.548e+10	   5.354e+10	  -2.266e+11	  0.740672	  0.686577	  0.499415	  0.678870	  0.538257	  0.804352	 -0.594145	  0.003050	 -0.321873	 -0.431425	  0.842775	1.048034e+17	-2.468563e+17	0.000000e+00	0.000000e+00	0.000000e+00
 62.4233	      2078	1.688618e+12	     5971.11	     2906.33	  341.08	776.625077	  410.49	  -3.123e+10	  -2.419e+11	  -1.549e+11	  0.720033	  0.691357	  0.468213	  0.711239	  0.524324	  0.476725	 -0.702945	  0.527828	  0.743982	  0.002823	 -0.668193	1.422683e+17	-3.126886e+17	0.000000e+00	0.000000e+00	0.000000e+00
 79.0827	      2705	2.198128e+12	     3822.72	     1743.60	  345.74	739.912415	  408.50	  -2.456e+10	  -8.768e+11	  -7.589e+11	  0.726451	  0.690287	  0.492909	  0.672090	  0.552572	  0.231110	 -0.713401	  0.661549	  0.838826	 -0.198379	 -0.506968	1.834024e+17	-3.857627e+17	0.000000e+00	0.000000e+00	0.000000e+00
100.1881	      3473	2.822218e+12	     2413.83	     1050.35	  348.06	700.194588	  403.73	  -5.285e+11	  -9.621e+11	  -1.187e+12	  0.706582	  0.677886	  0.470633	  0.689120	  0.551016	  0.180813	 -0.686574	  0.704218	  0.863604	 -0.231798	 -0.447726	2.300064e+17	-4.666593e+17	0.000000e+00	0.000000e+00	0.000000e+00
126.9260	      4390	3.567388e+12	     1500.59	      616.79	  347.67	658.076510	  397.54	  -1.977e+12	  -2.438e+12	  -7.557e+11	  0.709835	  0.675021	  0.466628	  0.697190	  0.544229	  0.188606	 -0.679612	  0.708911	  0.864110	 -0.228152	 -0.448620	2.818956e+17	-5.524635e+17	0.000000e+00	0.000000e+00	0.000000e+00
160.7997	      5505	4.473456e+12	      925.45	      368.84	  345.90	613.418027	  389.75	  -6.589e+12	  -2.897e+12	   2.032e+12	  0.721149	  0.673742	  0.473055	  0.688551	  0.549651	  0.193290	 -0.689781	  0.697740	  0.859568	 -0.223828	 -0.459394	3.397674e+17	-6.438214e+17	0.000000e+00	0.000000e+00	0.000000e+00
203.7136	      6749	5.484351e+12	      557.99	      202.39	  340.27	566.297390	  383.50	  -1.641e+13	  -1.002e+12	   9.102e+12	  0.750600	  0.681434	  0.481824	  0.683123	  0.548806	  0.119977	 -0.671831	  0.730923	  0.868016	 -0.286332	 -0.405663	4.033017e+17	-7.314410e+17	0.000000e+00	0.000000e+00	0.000000e+00
258.0802	      8435	6.854423e+12	      342.98	      134.90	  337.97	516.089621	  377.81	  -3.318e+13	   2.256e+13	   2.889e+13	  0.779838	  0.713308	  0.619918	  0.634075	  0.462223	 -0.008678	 -0.583493	  0.812072	  0.784619	 -0.507429	 -0.356215	4.891919e+17	-8.316429e+17	0.000000e+00	0.000000e+00	0.000000e+00
326.9696	     10001	8.126981e+12	      199.97	       61.61	  326.95	462.383027	  370.13	  -5.297e+13	   3.851e+13	    4.76e+13	  0.821286	  0.737174	  0.621452	  0.650808	  0.436173	  0.044149	 -0.584939	  0.809875	  0.782207	 -0.484042	 -0.392244	5.566711e+17	-9.081883e+17	0.000000e+00	0.000000e+00	0.000000e+00
 -3.2043	         7	5.688318e+09	   148717.79	   148717.79	   87.38	904.610994	  303.97	  -1.948e+09	  -2.215e+08	   -9.55e+08	  0.000000	  0.000000	  0.000000	  0.000000	  0.000000	  0.000000	  0.000000	  0.000000	  0.000000	  0.000000	  0.000000	2.627917e+14	-1.168114e+15	0.000000e+00	0.000000e+00	0.000000e+00
 -4.0584	        15	1.218925e+10	   156842.08	   164715.52	  113.65	902.472688	  337.91	  -1.397e+09	  -1.455e+09	  -2.036e+09	  0.923655	  0.576738	  0.000662	  0.758904	 -0.651202	  0.548340	  0.544296	  0.634874	  0.836255	 -0.357500	 -0.415777	6.959177e+14	-2.495449e+15	0.000000e+00	0.000000e+00	0.000000e+00
 -5.1403	        23	1.869019e+10	   118360.18	    81066.41	  125.05	899.332147	  318.87	  -2.023e+09	   4.853e+08	  -1.664e+09	  0.901039	  0.698554	  0.641806	  0.766119	 -0.033868	  0.529115	 -0.410427	  0.742690	  0.555088	 -0.494582	 -0.668779	9.502181e+14	-3.813300e+15	0.000000e+00	0.000000e+00	0.000000e+00
 -6.5106	        44	3.575514e+10	   111438.91	   104731.35	  153.68	893.828444	  336.93	   -3.13e+09	  -3.097e+09	   2.649e+09	  0.896079	  0.827972	  0.696051	  0.687272	  0.207773	 -0.280949	 -0.005596	  0.959706	 -0.660742	  0.726378	 -0.189194	2.029540e+15	-7.245393e+15	0.000000e+00	0.000000e+00	0.000000e+00
 -8.2462	        79	6.419673e+10	    98473.13	    85907.66	  182.98	886.081466	  324.88	   2.602e+09	  -8.949e+09	  -2.234e+09	  0.895177	  0.756988	  0.718732	  0.694614	 -0.030587	 -0.030709	  0.075662	  0.996661	 -0.694609	  0.715392	 -0.075711	3.387797e+15	-1.288050e+16	0.000000e+00	0.000000e+00	0.000000e+00
-10.4444	       133	1.080780e+11	    81592.21	    65232.50	  210.96	875.704130	  331.32	   7.419e+09	  -7.469e+09	   7.661e+09	  0.866028	  0.796299	  0.455586	  0.849376	  0.266463	  0.362450	 -0.450388	  0.815954	  0.813063	 -0.275158	 -0.513047	5.931964e+15	-2.139094e+16	0.000000e+00	0.000000e+00	0.000000e+00
-13.2286	       209	1.698369e+11	    63102.97	    45184.59	  234.98	861.969500	  341.29	   1.452e+10	  -6.238e+09	  -1.565e+10	  0.910892	  0.876012	  0.105933	  0.988692	 -0.106139	  0.656111	  0.010709	  0.754588	  0.747192	 -0.149575	 -0.647558	9.891047e+15	-3.304463e+16	0.000000e+00	0.000000e+00	0.000000e+00
-16.7551	       313	2.543491e+11	    46510.85	    30431.02	  255.51	845.252450	  352.00	   2.241e+09	   7.519e+09	  -1.065e+09	  0.832632	  0.772298	  0.299454	  0.954089	 -0.006407	  0.489535	 -0.147876	  0.859353	  0.818952	 -0.260473	 -0.511343	1.575778e+16	-4.844255e+16	0.000000e+00	0.000000e+00	0.000000e+00
 21.2216	       491	3.989949e+11	    35908.55	    25633.60	  284.36	825.101780	  362.57	  -8.546e+09	   3.503e+10	  -1.119e+10	  0.796980	  0.745852	  0.286825	  0.952319	  0.104020	  0.532606	 -0.248776	  0.808976	  0.796281	 -0.176633	 -0.578566	2.622530e+16	-7.359650e+16	0.000000e+00	0.000000e+00	0.000000e+00
 26.8787	       687	5.582678e+11	    24727.46	    13891.59	  298.87	800.271950	  369.64	  -5.039e+09	   7.257e+09	   6.298e+10	  0.795559	  0.735535	  0.324147	  0.936971	  0.130440	  0.492534	 -0.284876	  0.822348	  0.807675	 -0.202315	 -0.553832	3.813828e+16	-9.990465e+16	0.000000e+00	0.000000e+00	0.000000e+00
 34.0440	       922	7.492327e+11	    16332.78	     8197.29	  307.65	772.800737	  379.54	  -1.327e+11	  -8.604e+10	   1.103e+11	  0.798157	  0.709240	  0.409887	  0.900954	  0.142387	  0.647639	 -0.397386	  0.650113	 -0.642305	  0.174258	  0.746377	5.396389e+16	-1.293578e+17	0.000000e+00	0.000000e+00	0.000000e+00
 43.1193	      1269	1.031211e+12	    11063.62	     5957.15	  320.70	742.006162	  384.99	   -4.32e+11	  -3.879e+10	   6.668e+09	  0.777893	  0.698247	  0.461358	  0.863334	  0.204457	  0.566540	 -0.464022	  0.680967	  0.682775	 -0.198337	 -0.703193	7.642329e+16	-1.697511e+17	0.000000e+00	0.000000e+00	0.000000e+00
 54.6138	      1680	1.365196e+12	     7208.61	     3472.62	  327.88	707.608988	  384.00	   -5.16e+11	   -1.54e+11	  -5.304e+11	  0.741789	  0.666029	  0.470648	  0.841411	  0.265550	  0.558449	 -0.517088	  0.648656	  0.683099	 -0.156993	 -0.713252	1.006536e+17	-2.135310e+17	0.000000e+00	0.000000e+00	0.000000e+00
 69.1725	      2167	1.760941e+12	     4576.23	     2025.12	  330.88	670.843744	  382.96	  -8.511e+11	  -6.997e+10	  -7.896e+11	  0.722716	  0.662072	  0.460051	  0.860489	  0.218888	  0.695449	 -0.502482	  0.513675	 -0.551999	  0.084091	  0.829594	1.291264e+17	-2.603908e+17	0.000000e+00	0.000000e+00	0.000000e+00
 87.6123	      2740	2.226570e+12	     2847.77	     1172.69	  330.60	631.127675	  377.17	  -5.981e+11	  -1.531e+10	  -1.637e+12	  0.731115	  0.685237	  0.470154	  0.861183	  0.193181	  0.671868	 -0.491162	  0.554394	 -0.572318	  0.130858	  0.809523	1.583727e+17	-3.096642e+17	0.000000e+00	0.000000e+00	0.000000e+00
110.9676	      3427	2.784838e+12	     1752.97	      691.98	  328.53	589.200143	  372.19	  -1.411e+12	   8.671e+11	  -2.272e+12	  0.744338	  0.703721	  0.476299	  0.859482	  0.185552	  0.810226	 -0.510985	  0.287104	 -0.341575	 -0.013592	  0.939756	1.928849e+17	-3.614379e+17	0.000000e+00	0.000000e+00	0.000000e+00
140.5489	      4269	3.469061e+12	     1074.72	      417.40	  325.81	544.544994	  362.43	   -2.17e+12	   1.614e+12	  -4.129e+12	  0.763502	  0.714540	  0.447799	  0.876828	  0.175066	  0.856183	 -0.476930	  0.198715	 -0.257734	 -0.060904	  0.964295	2.278346e+17	-4.163518e+17	0.000000e+00	0.000000e+00	0.000000e+00
178.0158	      5025	4.083399e+12	      622.60	      184.45	  314.09	497.935386	  353.75	  -3.523e+12	   3.516e+12	  -6.807e+12	  0.784803	  0.731550	  0.449632	  0.874356	  0.182574	  0.891229	 -0.452780	 -0.026481	 -0.059512	 -0.174622	  0.982835	2.554925e+17	-4.580455e+17	0.000000e+00	0.000000e+00	0.000000e+00
225.4705	      5825	4.733493e+12	      355.20	       96.06	  300.48	450.898433	  344.00	  -5.631e+12	   8.136e+12	  -9.962e+12	  0.816481	  0.747542	  0.468046	  0.868987	  0.160604	  0.883048	 -0.466912	 -0.047112	 -0.034048	 -0.163871	  0.985894	2.800708e+17	-4.947169e+17	0.000000e+00	0.000000e+00	0.000000e+00
285.5890	      6655	5.407965e+12	      199.70	       49.04	  285.37	403.588210	  337.21	  -8.859e+12	    1.43e+13	  -1.555e+13	  0.865076	  0.776451	  0.445635	  0.885414	  0.132107	  0.878583	 -0.460881	  0.125223	 -0.171760	 -0.060263	  0.983294	3.074711e+17	-5.254814e+17	0.000000e+00	0.000000e+00	0.000000e+00
 -3.6578	         7	5.688318e+09	    99975.39	    99975.39	   81.78	830.350292	  248.50	   -3.66e+08	  -6.311e+08	   1.212e+09	  0.000000	  0.000000	  0.000000	  0.000000	  0.000000	  0.000000	  0.000000	  0.000000	  0.000000	  0.000000	  0.000000	1.756324e+14	-9.857925e+14	0.000000e+00	0.000000e+00	0.000000e+00
 -4.6509	        14	1.137664e+10	    97268.78	    94704.86	  102.57	827.721577	  314.27	   4.661e+08	  -1.965e+09	   4.675e+08	  0.846208	  0.627106	  0.003614	  0.899517	 -0.436872	  0.977074	 -0.096174	 -0.189939	  0.212869	  0.426170	  0.879242	5.617971e+14	-1.963663e+15	0.000000e+00	0.000000e+00	0.000000e+00
 -5.9136	        22	1.787757e+10	    74356.42	    52651.96	  114.02	825.419935	  291.29	  -8.785e+08	  -1.349e+09	  -3.273e+08	  0.884277	  0.695329	 -0.051838	 -0.769429	  0.636626	 -0.733947	  0.461654	  0.498194	  0.677226	  0.441424	  0.588651	7.584382e+14	-3.074883e+15	0.000000e+00	0.000000e+00	0.000000e+00
 -7.5191	        40	3.250467e+10	    65766.71	    57629.84	  136.35	820.541251	  314.43	   9.709e+08	    -2.3e+09	   7.052e+09	  0.783269	  0.587079	 -0.466163	  0.758563	 -0.455275	 -0.775945	 -0.103368	  0.622273	  0.424972	  0.643349	  0.636789	1.606758e+15	-5.553796e+15	0.000000e+00	0.000000e+00	0.000000e+00
 -9.5606	        70	5.688318e+10	    55987.95	    46724.70	  159.96	814.573581	  288.54	  -3.908e+09	  -5.516e+09	   1.178e+10	  0.781279	  0.696508	 -0.504400	  0.819424	 -0.272259	 -0.733284	 -0.240010	  0.636153	  0.455934	  0.520518	  0.721931	2.367893e+15	-9.623844e+15	0.000000e+00	0.000000e+00	0.000000e+00
-12.1563	       121	9.832663e+10	    47079.54	    38640.77	  186.51	806.017576	  305.45	  -1.681e+10	  -1.113e+10	   2.929e+09	  0.796903	  0.724553	 -0.497107	  0.781455	 -0.377111	  0.782772	  0.591405	  0.193672	 -0.374371	  0.198916	  0.905692	4.586993e+15	-1.641724e+16	0.000000e+00	0.000000e+00	0.000000e+00
-15.4567	       202	1.641486e+11	    38233.90	    29854.58	  213.71	793.973586	  315.54	  -2.548e+10	  -3.753e+10	   3.305e+10	  0.771847	  0.752550	 -0.411210	  0.787039	 -0.459865	 -0.790909	 -0.057248	  0.609251	  0.453178	  0.614241	  0.646017	8.171585e+15	-2.693963e+16	0.000000e+00	0.000000e+00	0.000000e+00
-19.6532	       318	2.584121e+11	    29280.24	    20798.61	  237.80	778.363754	  329.08	  -3.786e+10	  -6.484e+10	   3.646e+09	  0.780059	  0.690632	 -0.631724	  0.715697	 -0.297829	 -0.673798	 -0.316979	  0.667473	  0.383303	  0.622336	  0.682479	1.399245e+16	-4.150554e+16	0.000000e+00	0.000000e+00	0.000000e+00
 24.9891	       467	3.794921e+11	    20917.74	    12996.10	  255.56	759.195275	  337.46	  -4.446e+10	  -3.852e+10	   4.771e+10	  0.809861	  0.717382	 -0.566778	  0.714284	 -0.410562	 -0.804281	 -0.371682	  0.463663	  0.178589	  0.593002	  0.785146	2.160761e+16	-5.940017e+16	0.000000e+00	0.000000e+00	0.000000e+00
 31.7737	       691	5.615182e+11	    15056.58	     9504.41	  275.69	736.370279	  349.38	  -5.261e+10	  -8.757e+10	   1.172e+11	  0.802762	  0.703585	  0.666567	 -0.661555	  0.343559	  0.738835	  0.525071	 -0.422402	  0.099050	  0.535393	  0.838775	3.427208e+16	-8.485909e+16	0.000000e+00	0.000000e+00	0.000000e+00
 40.4002	       995	8.085537e+11	    10546.82	     6274.82	  293.38	709.398684	  359.95	  -1.036e+11	  -1.668e+11	    1.51e+11	  0.778560	  0.674122	  0.690635	 -0.679969	  0.246303	  0.711601	  0.578171	 -0.399177	  0.129023	  0.450955	  0.883172	5.237984e+16	-1.171172e+17	0.000000e+00	0.000000e+00	0.000000e+00
 51.3689	      1344	1.092157e+12	     6930.24	     3504.32	  302.38	678.520028	  360.21	   5.647e+10	  -1.523e+11	   4.598e+11	  0.774055	  0.662112	 -0.653434	  0.712992	 -0.254294	  0.746166	  0.550077	 -0.375036	  0.127516	  0.434807	  0.891450	7.085477e+16	-1.512474e+17	0.000000e+00	0.000000e+00	0.000000e+00
 65.3156	      1762	1.431831e+12	     4419.83	     2041.76	  307.05	644.646419	  358.14	   1.263e+11	  -1.863e+11	   8.576e+11	  0.794980	  0.680219	 -0.640427	  0.741012	 -0.201878	  0.750307	  0.547532	 -0.370469	  0.163987	  0.388729	  0.906641	9.182677e+16	-1.884681e+17	0.000000e+00	0.000000e+00	0.000000e+00
 83.0488	      2267	1.842202e+12	     2766.31	     1199.97	  308.87	608.096796	  357.40	   4.374e+11	  -2.013e+11	   1.637e+12	  0.813005	  0.692620	 -0.672808	  0.724776	 -0.148419	  0.721625	  0.598708	 -0.347571	  0.163052	  0.340952	  0.925832	1.176579e+17	-2.287861e+17	0.000000e+00	0.000000e+00	0.000000e+00
105.5966	      2868	2.330585e+12	     1702.47	      694.71	  308.09	569.291903	  350.56	   1.067e+12	  -3.758e+11	   2.525e+12	  0.830190	  0.698740	 -0.660062	  0.734107	 -0.159389	  0.712694	  0.544893	 -0.441768	  0.237455	  0.405190	  0.882857	1.432078e+17	-2.710370e+17	0.000000e+00	0.000000e+00	0.000000e+00
134.2661	      3641	2.958738e+12	     1051.41	      434.67	  307.85	527.393583	  343.43	   2.822e+12	  -2.536e+11	   4.979e+12	  0.855372	  0.700119	 -0.587423	  0.786824	 -0.189318	  0.753928	  0.447032	 -0.481409	  0.294153	  0.425523	  0.855806	1.744796e+17	-3.183636e+17	0.000000e+00	0.000000e+00	0.000000e+00
170.7195	      4465	3.628334e+12	      627.22	      225.40	  302.33	483.093325	  334.86	   4.162e+12	  -6.118e+11	    8.03e+12	  0.892383	  0.732960	 -0.578366	  0.787110	 -0.214363	  0.782850	  0.461614	 -0.417203	  0.229432	  0.409110	  0.883170	2.034215e+17	-3.611856e+17	0.000000e+00	0.000000e+00	0.000000e+00
217.0699	      5266	4.279240e+12	      359.86	      106.59	  291.17	437.003616	  329.39	   6.182e+12	  -1.971e+11	   9.917e+12	  0.949660	  0.730192	  0.076074	  0.916959	 -0.391661	  0.980133	 -0.140928	 -0.139568	  0.183174	  0.373262	  0.909463	2.321406e+17	-3.956583e+17	0.000000e+00	0.000000e+00	0.000000e+00
276.0180	      6010	4.883827e+12	      199.76	       48.15	  275.85	390.125244	  323.37	   6.346e+12	   6.179e+11	   1.342e+13	  0.965302	  0.747257	  0.534606	  0.737424	 -0.412798	  0.816970	 -0.575941	  0.029177	  0.216231	  0.352842	  0.910355	2.553480e+17	-4.217006e+17	0.000000e+00	0.000000e+00	0.000000e+00
 -5.2511	         8	6.500935e+09	    38618.24	    38618.24	   72.97	634.801968	  262.83	   2.275e+09	  -2.182e+08	   -6.71e+08	  0.000000	  0.000000	  0.000000	  0.000000	  0.000000	  0.000000	  0.000000	  0.000000	  0.000000	  0.000000	  0.000000	2.245456e+14	-6.590532e+14	0.000000e+00	0.000000e+00	0.000000e+00
 -6.5412	        13	1.056402e+10	    32465.60	    25870.84	   83.34	632.826586	  293.28	   4.214e+09	   3.292e+08	   1.603e+08	  0.803330	  0.448552	 -0.379831	  0.650600	  0.657608	  0.865347	  0.501156	  0.004005	  0.326959	 -0.570581	  0.753350	4.543357e+14	-1.066929e+15	0.000000e+00	0.000000e+00	0.000000e+00
 -8.1482	        30	2.437850e+10	    38759.58	    45505.83	  113.43	629.193951	  311.75	  -2.305e+09	   1.957e+09	  -1.624e+09	  0.822040	  0.791218	  0.740249	 -0.330270	 -0.585623	  0.671985	  0.335404	  0.660258	  0.021643	  0.882284	 -0.470219	1.184616e+15	-2.443426e+15	0.000000e+00	0.000000e+00	0.000000e+00
-10.1501	        49	3.981822e+10	    32751.52	    26311.73	  129.89	624.519048	  305.23	  -1.368e+09	   4.195e+09	  -5.229e+09	  0.972088	  0.703835	 -0.460087	 -0.683826	  0.566305	 -0.549002	  0.720382	  0.423848	  0.697794	  0.115896	  0.706860	1.854787e+15	-3.960791e+15	0.000000e+00	0.000000e+00	0.000000e+00
-12.6438	        93	7.557336e+10	    32158.52	    31522.90	  160.33	617.800364	  311.95	  -2.875e+09	  -4.343e+09	   9.421e+09	  0.882220	  0.684533	 -0.517503	  0.603930	  0.606184	 -0.250756	 -0.784356	  0.567368	  0.818115	  0.141611	  0.557345	3.677049e+15	-7.404850e+15	0.000000e+00	0.000000e+00	0.000000e+00
-15.7502	       167	1.357070e+11	    29874.95	    27427.28	  192.50	606.836473	  310.38	  -2.532e+10	   1.728e+09	   3.246e+09	  0.823157	  0.648580	 -0.491790	  0.551925	  0.673440	 -0.087750	 -0.800913	  0.592316	  0.866281	  0.232201	  0.442312	6.536662e+15	-1.303250e+16	0.000000e+00	0.000000e+00	0.000000e+00
-19.6198	       252	2.047794e+11	    23322.16	    16298.50	  211.87	591.667024	  306.29	  -6.483e+10	   6.289e+09	    1.66e+10	  0.780065	  0.583141	 -0.516626	  0.558682	  0.648824	 -0.065564	 -0.781373	  0.620611	  0.853697	  0.278084	  0.440307	9.605566e+15	-1.923821e+16	0.000000e+00	0.000000e+00	0.000000e+00
 24.4400	       353	2.868537e+11	    16901.32	    10019.08	  224.67	573.306824	  298.43	  -1.145e+11	  -2.304e+10	   1.193e+10	  0.752622	  0.556831	 -0.497330	  0.603954	  0.622818	 -0.068111	 -0.742860	  0.665973	  0.864884	  0.288788	  0.410583	1.277325e+16	-2.619873e+16	0.000000e+00	0.000000e+00	0.000000e+00
 30.4445	       455	3.697406e+11	    11270.29	     5234.61	  228.54	553.463112	  297.48	  -1.115e+11	  -1.211e+10	  -5.014e+09	  0.752093	  0.580644	 -0.484321	  0.591717	  0.644441	 -0.186086	 -0.789413	  0.584978	  0.854872	  0.163396	  0.492439	1.636010e+16	-3.278689e+16	0.000000e+00	0.000000e+00	0.000000e+00
 37.9242	       591	4.802565e+11	     7573.36	     3610.78	  233.37	531.470302	  291.94	  -1.223e+11	  -1.362e+10	  -1.409e+10	  0.752834	  0.594372	 -0.516301	  0.581637	  0.628595	 -0.320293	 -0.811867	  0.488143	  0.794258	  0.050695	  0.605462	2.046618e+16	-4.093631e+16	0.000000e+00	0.000000e+00	0.000000e+00
 47.2415	       739	6.005238e+11	     4899.18	     2032.83	  233.81	508.346791	  285.99	  -1.491e+11	  -6.673e+10	  -8.947e+10	  0.752695	  0.601882	 -0.493459	  0.573327	  0.654060	 -0.293139	 -0.817624	  0.495541	  0.818882	  0.052799	  0.571528	2.455892e+16	-4.908949e+16	0.000000e+00	0.000000e+00	0.000000e+00
 58.8479	       910	7.394813e+11	     3121.03	     1215.10	  232.47	484.449382	  283.19	  -2.465e+11	  -1.619e+10	  -7.215e+10	  0.741736	  0.637162	 -0.531305	  0.496772	  0.686245	 -0.240856	 -0.865182	  0.439829	  0.812221	  0.068397	  0.579326	2.965184e+16	-5.762327e+16	0.000000e+00	0.000000e+00	0.000000e+00
 73.3058	      1142	9.280084e+11	     2026.28	      852.87	  233.33	458.889398	  280.92	   -4.91e+11	   1.684e+09	  -6.692e+10	  0.765313	  0.668796	 -0.575921	  0.471747	  0.667660	 -0.151533	 -0.864154	  0.479871	  0.803338	  0.175196	  0.569169	3.661742e+16	-6.813785e+16	0.000000e+00	0.000000e+00	0.000000e+00
 91.3158	      1396	1.134413e+12	     1281.44	      483.07	  231.14	432.301449	  276.02	  -5.366e+11	  -5.747e+10	   9.641e+10	  0.750502	  0.660496	 -0.610238	  0.492140	  0.620812	 -0.217876	 -0.857677	  0.465747	  0.761669	  0.148956	  0.630612	4.321534e+16	-7.836858e+16	0.000000e+00	0.000000e+00	0.000000e+00
113.7505	      1732	1.407452e+12	      822.50	      330.59	  230.68	404.484572	  273.27	  -9.459e+11	  -7.601e+11	   5.581e+11	  0.721421	  0.652068	 -0.620923	  0.549389	  0.559130	 -0.326170	 -0.829691	  0.453019	  0.712789	  0.098918	  0.694369	5.255101e+16	-9.029035e+16	0.000000e+00	0.000000e+00	0.000000e+00
141.6971	      2082	1.691868e+12	      511.50	      178.15	  226.61	374.831651	  271.05	  -1.594e+12	  -1.611e+12	   1.093e+12	  0.691332	  0.632730	  0.662433	 -0.503396	 -0.554775	  0.426718	  0.862240	 -0.272861	  0.615707	 -0.055980	  0.785984	6.214871e+16	-1.011022e+17	0.000000e+00	0.000000e+00	0.000000e+00
176.5096	      2540	2.064047e+12	      322.83	      120.61	  224.26	343.761888	  264.66	  -2.786e+12	  -4.449e+12	    2.69e+12	  0.654062	  0.601039	  0.702990	 -0.474980	 -0.529339	  0.511877	  0.854635	 -0.087071	  0.493749	 -0.209746	  0.843931	7.229020e+16	-1.131154e+17	0.000000e+00	0.000000e+00	0.000000e+00
219.8885	      3039	2.469542e+12	      199.79	       67.95	  219.77	310.815254	  257.59	  -4.106e+12	  -6.165e+12	    4.13e+12	  0.667093	  0.655501	  0.670356	 -0.524902	 -0.524500	 -0.020475	 -0.719651	  0.694034	  0.741757	  0.454510	  0.493170	8.193281e+16	-1.239669e+17	0.000000e+00	0.000000e+00	0.000000e+00
 -5.0175	         6	4.875701e+09	    33200.60	    33200.60	   64.65	590.411795	  134.30	  -5.439e+08	  -4.164e+08	   4.159e+08	  0.000000	  0.000000	  0.000000	  0.000000	  0.000000	  0.000000	  0.000000	  0.000000	  0.000000	  0.000000	  0.000000	4.397259e+13	-4.274761e+14	0.000000e+00	0.000000e+00	0.000000e+00
 -6.3458	         9	7.313551e+09	    24616.80	    16226.36	   70.40	588.460688	  175.58	  -9.183e+08	  -7.374e+07	   8.852e+08	  0.000000	  0.000000	  0.000000	  0.000000	  0.000000	  0.000000	  0.000000	  0.000000	  0.000000	  0.000000	  0.000000	1.127327e+14	-6.391948e+14	0.000000e+00	0.000000e+00	0.000000e+00
 -8.0258	        20	1.625234e+10	    27040.43	    29409.46	   93.32	585.950668	  208.87	  -4.521e+09	   -8.52e+08	   4.045e+09	  0.785651	  0.649280	  0.154987	 -0.252472	  0.955111	 -0.472508	  0.830097	  0.296101	  0.867592	  0.497189	 -0.009359	3.545039e+14	-1.409952e+15	0.000000e+00	0.000000e+00	0.000000e+00
-10.1506	        36	2.925421e+10	    24059.16	    21145.05	  111.33	581.702434	  236.10	  -8.164e+09	   -4.16e+09	   8.536e+09	  0.908132	  0.824107	 -0.507778	  0.448182	  0.735727	  0.615119	 -0.409300	  0.673871	  0.603150	  0.794737	 -0.067852	8.153862e+14	-2.518745e+15	0.000000e+00	0.000000e+00	0.000000e+00
-12.8379	        80	6.500935e+10	    26427.89	    28743.25	  147.57	574.865416	  247.57	   -1.52e+10	  -1.144e+10	   1.151e+10	  0.852803	  0.709087	  0.481240	 -0.351659	  0.802959	  0.623641	 -0.506368	 -0.595536	  0.616019	  0.787354	 -0.024376	1.992311e+15	-5.509805e+15	0.000000e+00	0.000000e+00	0.000000e+00
-16.2366	       130	1.056402e+11	    21228.06	    16145.36	  167.28	564.963027	  247.27	  -2.452e+10	  -2.055e+10	   3.061e+09	  0.741938	  0.676449	  0.748013	 -0.471582	  0.466998	  0.159815	  0.810925	  0.562902	 -0.644155	 -0.346425	  0.681949	3.229429e+15	-8.800719e+15	0.000000e+00	0.000000e+00	0.000000e+00
-20.5351	       192	1.560224e+11	    15497.53	     9896.09	  180.76	552.102986	  244.51	  -1.367e+10	  -2.945e+10	  -2.639e+10	  0.717699	  0.653870	  0.638623	 -0.534924	  0.553188	  0.298941	  0.834870	  0.462197	 -0.709081	 -0.129799	  0.693078	4.663894e+15	-1.272809e+16	0.000000e+00	0.000000e+00	0.000000e+00
 25.9716	       286	2.324084e+11	    11410.95	     7416.42	  196.18	536.546712	  248.21	   3.052e+10	   5.434e+09	  -1.713e+10	  0.733195	  0.657284	  0.661784	 -0.564387	  0.493466	  0.710541	  0.682122	 -0.172745	 -0.239109	  0.464947	  0.852438	7.159312e+15	-1.839402e+16	0.000000e+00	0.000000e+00	0.000000e+00
 32.8473	       409	3.323603e+11	     8066.28	     4796.96	  208.60	518.114508	  242.51	  -7.928e+09	   4.285e+10	   1.709e+10	  0.704418	  0.610834	 -0.630526	  0.632485	 -0.449888	  0.596256	  0.765787	  0.240935	  0.496906	 -0.116333	 -0.859971	9.773183e+15	-2.533710e+16	0.000000e+00	0.000000e+00	0.000000e+00
 41.5434	       537	4.363752e+11	     5235.03	     2467.55	  212.54	497.939277	  249.59	   2.807e+10	  -8.037e+09	   6.644e+10	  0.710187	  0.658672	  0.661623	 -0.580420	  0.474729	  0.563833	  0.802462	  0.195313	 -0.494315	  0.138445	  0.858187	1.359190e+16	-3.204200e+16	0.000000e+00	0.000000e+00	0.000000e+00
 52.5416	       682	5.542047e+11	     3286.42	     1381.71	  212.99	475.962484	  253.13	   7.159e+10	   3.536e+10	   1.421e+11	  0.741004	  0.686499	  0.683578	 -0.548886	  0.481087	  0.724847	  0.587776	 -0.359328	 -0.085541	  0.594343	  0.799649	1.775464e+16	-3.902499e+16	0.000000e+00	0.000000e+00	0.000000e+00
 66.4516	       872	7.086019e+11	     2077.06	      894.95	  214.15	452.917466	  251.82	    8.94e+10	   1.837e+11	   3.849e+11	  0.736866	  0.642984	  0.740980	 -0.487002	  0.462360	  0.601287	  0.787733	 -0.133909	 -0.299002	  0.377235	  0.876522	2.246820e+16	-4.734173e+16	0.000000e+00	0.000000e+00	0.000000e+00
 84.0441	      1148	9.328841e+11	     1351.67	      642.61	  218.49	427.639484	  251.44	  -2.072e+11	   3.049e+11	   7.825e+11	  0.773293	  0.678314	  0.675874	 -0.544225	  0.497004	  0.604026	  0.795421	  0.049581	 -0.422311	  0.266693	  0.866330	2.948939e+16	-5.824705e+16	0.000000e+00	0.000000e+00	0.000000e+00
106.2941	      1466	1.191296e+12	      853.21	      365.98	  219.54	400.569508	  251.66	  -1.141e+11	   5.167e+11	   1.148e+12	  0.813660	  0.704943	  0.697182	 -0.511013	  0.502795	  0.608452	  0.792678	 -0.038054	 -0.379108	  0.332457	  0.863568	3.772539e+16	-6.929256e+16	0.000000e+00	0.000000e+00	0.000000e+00
134.4346	      1889	1.535033e+12	      543.44	      240.64	  221.60	370.936520	  252.31	  -3.915e+11	   1.421e+12	   2.407e+12	  0.834179	  0.751748	  0.630409	 -0.552884	  0.544889	  0.688238	  0.722754	 -0.062898	 -0.359045	  0.414664	  0.836146	4.886182e+16	-8.207283e+16	0.000000e+00	0.000000e+00	0.000000e+00
170.0250	      2354	1.912900e+12	      334.75	      130.76	  219.97	338.518079	  248.18	  -2.926e+10	   2.148e+12	   3.386e+12	  0.892597	  0.778540	 -0.602919	  0.568211	 -0.560022	  0.522836	  0.811621	  0.260605	 -0.602604	  0.135676	  0.786422	5.891196e+16	-9.399313e+16	0.000000e+00	0.000000e+00	0.000000e+00
215.0513	      2843	2.310270e+12	      199.80	       67.95	  214.94	303.987652	  243.79	  -7.372e+11	   1.582e+12	   4.498e+12	  0.914166	  0.803419	  0.651774	 -0.351186	  0.672204	  0.261068	  0.936053	  0.235898	  0.712063	 -0.021738	 -0.701779	6.865572e+16	-1.042318e+17	0.000000e+00	0.000000e+00	0.000000e+00
 -3.5258	         5	4.063084e+09	    79732.18	    79732.18	   70.40	577.589829	  189.49	   5.202e+08	  -1.099e+09	  -4.784e+08	  0.000000	  0.000000	  0.000000	  0.000000	  0.000000	  0.000000	  0.000000	  0.000000	  0.000000	  0.000000	  0.000000	7.294839e+13	-3.411815e+14	0.000000e+00	0.000000e+00	0.000000e+00
 -4.5486	         6	4.875701e+09	    44563.25	    13902.38	   67.90	575.375987	  199.02	   5.128e+08	  -2.315e+08	  -5.272e+08	  0.000000	  0.000000	  0.000000	  0.000000	  0.000000	  0.000000	  0.000000	  0.000000	  0.000000	  0.000000	  0.000000	9.656108e+13	-4.084372e+14	0.000000e+00	0.000000e+00	0.000000e+00
 -5.8680	        16	1.300187e+10	    55348.73	    64751.68	   97.62	572.278912	  180.53	   7.494e+08	   3.558e+08	   -2.58e+08	  0.890336	  0.787638	  0.911208	 -0.213470	  0.352320	 -0.292340	  0.267478	  0.918146	  0.290235	  0.939620	 -0.181322	2.118613e+14	-1.077225e+15	0.000000e+00	0.000000e+00	0.000000e+00
 -7.5701	        29	2.356589e+10	    46724.82	    39206.35	  115.71	566.540538	  228.16	  -1.721e+09	   6.058e+09	   4.894e+08	  0.758876	  0.519667	  0.964451	 -0.044183	  0.260542	 -0.262740	 -0.054671	  0.963317	  0.028318	  0.997526	  0.064336	6.134014e+14	-1.934531e+15	0.000000e+00	0.000000e+00	0.000000e+00
 -9.7659	        53	4.306869e+10	    39772.92	    33712.14	  137.72	559.930141	  220.05	  -2.376e+09	   3.932e+09	  -5.063e+09	  0.898583	  0.867844	  0.848900	  0.429247	 -0.308408	  0.494751	 -0.440001	  0.749414	 -0.185983	  0.788763	  0.585887	1.042750e+15	-3.481637e+15	0.000000e+00	0.000000e+00	0.000000e+00
-12.5987	        86	6.988505e+10	    30058.83	    21589.92	  154.45	549.803972	  215.83	   3.221e+09	    3.67e+09	  -4.388e+09	  0.780150	  0.649371	 -0.417607	 -0.350674	  0.838231	  0.489358	  0.690501	  0.532670	  0.765594	 -0.632641	  0.116753	1.627649e+15	-5.547161e+15	0.000000e+00	0.000000e+00	0.000000e+00
-16.2532	       132	1.072654e+11	    21488.67	    14017.06	  168.47	537.621275	  208.89	  -1.246e+10	   1.984e+09	    -1.2e+10	  0.801169	  0.711609	 -0.387811	 -0.385279	  0.837355	  0.398673	  0.748968	  0.529252	  0.831061	 -0.539080	  0.136858	2.340245e+15	-8.314684e+15	0.000000e+00	0.000000e+00	0.000000e+00
-20.9677	       209	1.698369e+11	    15846.89	    10928.28	  186.64	521.753522	  218.01	  -1.987e+10	  -4.216e+10	   -4.41e+10	  0.876804	  0.839790	 -0.521953	 -0.424568	  0.739802	  0.765833	  0.148643	  0.625624	 -0.375586	  0.893111	  0.247564	4.035902e+15	-1.270624e+16	0.000000e+00	0.000000e+00	0.000000e+00
 27.0498	       282	2.291579e+11	     9958.84	     4825.54	  190.88	504.705701	  219.63	  -5.498e+10	  -6.447e+10	  -9.247e+10	  0.871632	  0.808605	  0.660151	  0.441837	 -0.607437	  0.750795	 -0.363887	  0.551266	 -0.022531	  0.819979	  0.571949	5.527091e+15	-1.661886e+16	0.000000e+00	0.000000e+00	0.000000e+00
 34.8960	       375	3.047313e+11	     6168.12	     2863.31	  193.79	485.956410	  227.50	  -1.359e+11	  -7.131e+10	  -1.267e+11	  0.924145	  0.853890	 -0.593151	 -0.353640	  0.723264	 -0.398789	  0.909466	  0.117636	  0.699385	  0.218654	  0.680479	7.885719e+15	-2.125242e+16	0.000000e+00	0.000000e+00	0.000000e+00
 45.0183	       497	4.038706e+11	     3807.50	     1749.47	  196.42	465.487490	  234.93	  -2.738e+11	  -1.922e+10	  -1.177e+11	  0.912630	  0.840562	 -0.264374	 -0.557148	  0.787205	 -0.721159	  0.656164	  0.222211	  0.640340	  0.508954	  0.575265	1.114481e+16	-2.685490e+16	0.000000e+00	0.000000e+00	0.000000e+00
 58.0766	       656	5.330766e+11	     2340.72	     1061.96	  198.68	443.886345	  241.86	  -5.655e+11	  -5.398e+10	  -2.231e+11	  0.932547	  0.815064	 -0.490235	 -0.375456	  0.786576	 -0.420118	  0.892495	  0.164175	  0.763656	  0.249970	  0.595268	1.559124e+16	-3.350799e+16	0.000000e+00	0.000000e+00	0.000000e+00
 74.9228	       902	7.329804e+11	     1499.04	      765.25	  205.12	419.918546	  240.65	  -1.064e+12	  -1.222e+11	  -5.521e+11	  0.916102	  0.749592	 -0.547637	 -0.191126	  0.814595	 -0.391564	  0.918917	 -0.047639	  0.739440	  0.345055	  0.578071	2.122501e+16	-4.281021e+16	0.000000e+00	0.000000e+00	0.000000e+00
 96.6555	      1228	9.978934e+11	      950.53	      472.34	  210.72	392.635410	  238.52	  -1.942e+12	  -2.257e+11	   -1.43e+12	  0.932907	  0.738073	 -0.566267	 -0.020004	  0.823979	 -0.293148	  0.939226	 -0.178660	  0.770328	  0.342717	  0.537717	2.838708e+16	-5.374628e+16	0.000000e+00	0.000000e+00	0.000000e+00
124.6922	      1606	1.305063e+12	      579.00	      255.09	  212.16	362.534515	  237.19	  -2.732e+12	  -3.008e+11	  -2.053e+12	  0.947559	  0.789750	 -0.617705	  0.398025	  0.678246	  0.039369	  0.877028	 -0.478824	  0.785424	  0.269070	  0.557414	3.671170e+16	-6.466929e+16	0.000000e+00	0.000000e+00	0.000000e+00
160.8615	      2068	1.680492e+12	      347.25	      145.21	  211.96	329.500849	  233.01	  -3.553e+12	  -1.105e+12	   -2.63e+12	  0.926006	  0.850570	 -0.578016	  0.225119	  0.784359	 -0.131541	  0.922920	 -0.361824	  0.805354	  0.312315	  0.503850	4.561873e+16	-7.586416e+16	0.000000e+00	0.000000e+00	0.000000e+00
207.5358	      2557	2.077861e+12	      199.94	       71.56	  207.51	293.466058	  229.54	  -4.239e+12	  -3.032e+12	   -2.86e+12	  0.955732	  0.935227	 -0.402580	 -0.291519	  0.867724	 -0.606174	  0.795207	 -0.014078	  0.685917	  0.531660	  0.496846	5.474060e+16	-8.552733e+16	0.000000e+00	0.000000e+00	0.000000e+00
 -4.6336	        10	8.126168e+09	    70259.80	    70259.80	   86.85	532.011963	  151.04	  -9.213e+08	   6.055e+08	  -2.118e+08	  0.000000	  0.000000	  0.000000	  0.000000	  0.000000	  0.000000	  0.000000	  0.000000	  0.000000	  0.000000	  0.000000	9.268730e+13	-5.783616e+14	0.000000e+00	0.000000e+00	0.000000e+00
 -5.8600	        16	1.300187e+10	    55575.63	    41218.11	   97.68	527.547612	  141.37	  -7.233e+08	   2.513e+08	   1.949e+08	  0.766348	  0.534168	  0.872444	  0.483366	 -0.072105	 -0.204011	  0.494281	  0.845024	 -0.444096	  0.722526	 -0.529844	1.299155e+14	-9.204806e+14	0.000000e+00	0.000000e+00	0.000000e+00
 -7.4110	        23	1.869019e+10	    39495.69	    23773.46	  104.14	522.118082	  129.13	  -7.431e+08	   8.805e+07	   1.612e+07	  0.786760	  0.670232	  0.962974	 -0.043111	  0.266123	 -0.261300	  0.093699	  0.960699	  0.066352	  0.994667	 -0.078965	1.558367e+14	-1.312066e+15	0.000000e+00	0.000000e+00	0.000000e+00
 -9.3725	        33	2.681635e+10	    28015.17	    16790.04	  110.93	518.887608	  134.80	   -1.54e+09	  -7.208e+08	  -1.691e+09	  0.800157	  0.720768	  0.978150	  0.124897	 -0.166204	 -0.171184	  0.937505	 -0.302954	  0.117979	  0.324786	  0.938400	2.436404e+14	-1.862396e+15	0.000000e+00	0.000000e+00	0.000000e+00
-11.8533	        57	4.631916e+10	    23922.78	    19921.43	  129.64	512.809882	  164.60	  -4.646e+09	  -3.342e+09	  -7.616e+09	  0.891520	  0.680134	  0.855498	  0.394434	 -0.335478	  0.488025	 -0.397634	  0.776994	 -0.173075	  0.828438	  0.532668	6.274962e+14	-3.157498e+15	0.000000e+00	0.000000e+00	0.000000e+00
-14.9906	        89	7.232290e+10	    18466.49	    13131.57	  144.04	504.166586	  169.49	  -2.348e+09	  -4.584e+09	  -6.273e+09	  0.878870	  0.773297	  0.976951	  0.177004	 -0.119314	  0.190158	 -0.467696	  0.863192	 -0.096986	  0.865985	  0.490575	1.038787e+15	-4.836353e+15	0.000000e+00	0.000000e+00	0.000000e+00
-18.9583	       125	1.015771e+11	    12822.18	     7303.43	  151.80	494.027265	  173.42	  -5.691e+09	  -1.529e+09	  -1.836e+10	  0.882137	  0.816859	  0.991290	 -0.047058	 -0.123004	 -0.038148	  0.791344	 -0.610180	  0.126052	  0.609557	  0.782656	1.527475e+15	-6.653769e+15	0.000000e+00	0.000000e+00	0.000000e+00
 23.9762	       192	1.560224e+11	     9736.67	     6719.80	  167.29	481.656115	  188.78	  -1.174e+10	  -7.733e+09	  -8.169e+08	  0.894284	  0.847975	  0.955118	  0.294337	  0.033398	 -0.293224	  0.955421	 -0.034504	 -0.042065	  0.023162	  0.998846	2.780132e+15	-9.892002e+15	0.000000e+00	0.000000e+00	0.000000e+00
 30.3222	       265	2.153435e+11	     6643.74	     3619.61	  174.76	466.926135	  189.60	   2.638e+10	  -2.868e+10	  -1.262e+10	  0.898404	  0.846479	  0.925109	  0.347524	 -0.152974	 -0.345626	  0.937532	  0.039703	  0.157216	  0.016143	  0.987432	3.870527e+15	-1.323478e+16	0.000000e+00	0.000000e+00	0.000000e+00
 38.3479	       363	2.949799e+11	     4499.15	     2402.27	  181.88	450.310385	  198.34	   4.364e+10	  -5.915e+10	   7.359e+09	  0.882564	  0.861754	  0.887465	  0.460876	 -0.000287	  0.148197	 -0.284779	  0.947068	 -0.436399	  0.840532	  0.321032	5.802052e+15	-1.741803e+16	0.000000e+00	0.000000e+00	0.000000e+00
 48.4979	       476	3.868056e+11	     2916.68	     1369.41	  185.20	432.966594	  202.37	    9.47e+10	  -1.019e+11	   3.195e+09	  0.888877	  0.862636	  0.724942	  0.688760	  0.008216	  0.221863	 -0.244778	  0.943854	 -0.652100	  0.682417	  0.330260	7.920702e+15	-2.189788e+16	0.000000e+00	0.000000e+00	0.000000e+00
 61.3343	       619	5.030098e+11	     1875.12	      856.74	  187.80	413.908014	  207.34	    1.91e+11	  -2.026e+11	   1.999e+10	  0.879676	  0.797517	  0.749829	  0.661444	 -0.015775	 -0.528110	  0.583976	 -0.616500	 -0.398568	  0.470600	  0.787197	1.081221e+16	-2.709932e+16	0.000000e+00	0.000000e+00	0.000000e+00
 77.5683	       831	6.752846e+11	     1244.51	      627.92	  193.49	392.520677	  211.76	   4.148e+11	    -4.2e+11	  -2.137e+11	  0.739663	  0.684782	  0.849689	  0.504402	  0.153645	 -0.336113	  0.742639	 -0.579236	 -0.406271	  0.440529	  0.800549	1.514021e+16	-3.409297e+16	0.000000e+00	0.000000e+00	0.000000e+00
 98.0991	      1131	9.190696e+11	      837.37	      439.29	  200.73	368.290478	  212.90	   5.039e+11	  -6.415e+11	  -3.149e+11	  0.721223	  0.638509	  0.868429	  0.458826	  0.187909	 -0.375208	  0.855907	 -0.355867	 -0.324114	  0.238541	  0.915450	2.082957e+16	-4.295584e+16	0.000000e+00	0.000000e+00	0.000000e+00
